Estratégia: TID_long_tabu
Seed: 104
Número de ativos: 21
Ativos: AAPL, MSFT, GOOGL, AMZN, META, NVDA, NFLX, TSLA, ORCL, IBM, INTC, ADBE, AMD, CRM, CSCO, PEP, KO, DIS, V, MA, PYPL

Parâmetros:
  max_iter: 1000
  tabu_tenure: (20, 30)
  step_size: 0.1
  step_delta: 0.02
  neighbor_sample_ratio: 0.8
  token_ring_enabled: False
  tickers: ['AAPL', 'MSFT', 'GOOGL', 'AMZN', 'META', 'NVDA', 'NFLX', 'TSLA', 'ORCL', 'IBM', 'INTC', 'ADBE', 'AMD', 'CRM', 'CSCO', 'PEP', 'KO', 'DIS', 'V', 'MA', 'PYPL']

Retornos esperados:
0.000928
0.000771
0.001767
0.001305
0.001589
0.003342
0.002046
0.002165
0.001976
0.001737
0.000690
-0.000941
0.002039
0.000492
0.000854
-0.000111
0.000595
0.000635
0.000729
0.000774
0.000660

Matriz de covariância:
3.110847e-04 1.211319e-04 1.482784e-04 1.678980e-04 1.595826e-04 2.041198e-04 1.140130e-04 3.134077e-04 9.840808e-05 8.038784e-05 1.732604e-04 1.240019e-04 2.396675e-04 1.271328e-04 9.345323e-05 3.071455e-05 1.717555e-05 1.054460e-04 8.549891e-05 8.798963e-05 1.416323e-04
1.211319e-04 1.929248e-04 1.359870e-04 1.730598e-04 2.031614e-04 2.471523e-04 1.200844e-04 2.173719e-04 1.783171e-04 4.098625e-05 1.529885e-04 1.158593e-04 2.183406e-04 1.326570e-04 7.484272e-05 -8.634809e-06 -6.648589e-06 7.297224e-05 5.863052e-05 6.260709e-05 9.799127e-05
1.482784e-04 1.359870e-04 3.531051e-04 1.980431e-04 1.882666e-04 2.446692e-04 1.100994e-04 2.946301e-04 1.474876e-04 6.773806e-05 1.389026e-04 1.311656e-04 2.740863e-04 1.278477e-04 8.167721e-05 -1.709877e-05 -1.665909e-05 6.607661e-05 6.276507e-05 5.753927e-05 1.153694e-04
1.678980e-04 1.730598e-04 1.980431e-04 3.864380e-04 2.920352e-04 3.229918e-04 1.615852e-04 3.352494e-04 1.926532e-04 7.079356e-05 2.510443e-04 1.788326e-04 3.029038e-04 1.960728e-04 1.108065e-04 -2.367347e-05 -2.446272e-05 1.216070e-04 8.145973e-05 8.684286e-05 1.853627e-04
1.595826e-04 2.031614e-04 1.882666e-04 2.920352e-04 5.501172e-04 3.561022e-04 1.752578e-04 3.119949e-04 2.035880e-04 9.900174e-05 1.898230e-04 1.664527e-04 3.543993e-04 1.781315e-04 9.166847e-05 -2.165172e-05 -2.102552e-05 1.226842e-04 8.603427e-05 9.827571e-05 1.810888e-04
2.041198e-04 2.471523e-04 2.446692e-04 3.229918e-04 3.561022e-04 1.029835e-03 2.724650e-04 4.675149e-04 4.420352e-04 1.184214e-04 3.732868e-04 2.017161e-04 6.245298e-04 2.473616e-04 1.486148e-04 -7.623904e-05 -7.398378e-05 1.344886e-04 8.343409e-05 8.819673e-05 1.722084e-04
1.140130e-04 1.200844e-04 1.100994e-04 1.615852e-04 1.752578e-04 2.724650e-04 3.873383e-04 2.179757e-04 1.647440e-04 5.795726e-05 1.517096e-04 1.422190e-04 2.436913e-04 1.480323e-04 6.871805e-05 -1.537553e-05 -1.254600e-06 8.952145e-05 7.373451e-05 7.875232e-05 1.158660e-04
3.134077e-04 2.173719e-04 2.946301e-04 3.352494e-04 3.119949e-04 4.675149e-04 2.179757e-04 1.595988e-03 3.316383e-04 9.704458e-05 4.098880e-04 1.790513e-04 5.332124e-04 2.615162e-04 1.519275e-04 -5.067271e-06 -3.527308e-05 2.124102e-04 1.548917e-04 1.394189e-04 3.368538e-04
9.840808e-05 1.783171e-04 1.474876e-04 1.926532e-04 2.035880e-04 4.420352e-04 1.647440e-04 3.316383e-04 9.211550e-04 1.007661e-04 2.424166e-04 1.335198e-04 3.266035e-04 1.631701e-04 1.235439e-04 -5.377772e-06 -2.642491e-05 9.703709e-05 5.486545e-05 6.703254e-05 1.116950e-04
8.038784e-05 4.098625e-05 6.773806e-05 7.079356e-05 9.900174e-05 1.184214e-04 5.795726e-05 9.704458e-05 1.007661e-04 2.807463e-04 1.616458e-04 9.563740e-05 1.772343e-04 8.611549e-05 8.744040e-05 3.468238e-05 3.058162e-05 7.824346e-05 7.933756e-05 7.436873e-05 8.848774e-05
1.732604e-04 1.529885e-04 1.389026e-04 2.510443e-04 1.898230e-04 3.732868e-04 1.517096e-04 4.098880e-04 2.424166e-04 1.616458e-04 1.302373e-03 1.529985e-04 4.294958e-04 1.867905e-04 1.305079e-04 4.196911e-05 1.105777e-05 1.682109e-04 1.015226e-04 1.019575e-04 2.056282e-04
1.240019e-04 1.158593e-04 1.311656e-04 1.788326e-04 1.664527e-04 2.017161e-04 1.422190e-04 1.790513e-04 1.335198e-04 9.563740e-05 1.529985e-04 4.534599e-04 1.964364e-04 2.286452e-04 9.171956e-05 2.881907e-05 1.777163e-05 8.747250e-05 8.750108e-05 9.274725e-05 1.586341e-04
2.396675e-04 2.183406e-04 2.740863e-04 3.029038e-04 3.543993e-04 6.245298e-04 2.436913e-04 5.332124e-04 3.266035e-04 1.772343e-04 4.294958e-04 1.964364e-04 1.153075e-03 2.412129e-04 1.674666e-04 -3.848981e-05 -4.626447e-05 1.844870e-04 1.066082e-04 1.087123e-04 2.632308e-04
1.271328e-04 1.326570e-04 1.278477e-04 1.960728e-04 1.781315e-04 2.473616e-04 1.480323e-04 2.615162e-04 1.631701e-04 8.611549e-05 1.867905e-04 2.286452e-04 2.412129e-04 4.691294e-04 9.780154e-05 1.262796e-05 -2.603784e-06 1.060027e-04 8.163345e-05 8.894513e-05 1.867491e-04
9.345323e-05 7.484272e-05 8.167721e-05 1.108065e-04 9.166847e-05 1.486148e-04 6.871805e-05 1.519275e-04 1.235439e-04 8.744040e-05 1.305079e-04 9.171956e-05 1.674666e-04 9.780154e-05 1.855226e-04 2.248630e-05 2.099285e-05 9.275753e-05 7.054893e-05 7.005130e-05 1.171178e-04
3.071455e-05 -8.634809e-06 -1.709877e-05 -2.367347e-05 -2.165172e-05 -7.623904e-05 -1.537553e-05 -5.067271e-06 -5.377772e-06 3.468238e-05 4.196911e-05 2.881907e-05 -3.848981e-05 1.262796e-05 2.248630e-05 1.541110e-04 7.120166e-05 2.445709e-05 3.766991e-05 3.506603e-05 3.066994e-05
1.717555e-05 -6.648589e-06 -1.665909e-05 -2.446272e-05 -2.102552e-05 -7.398378e-05 -1.254600e-06 -3.527308e-05 -2.642491e-05 3.058162e-05 1.105777e-05 1.777163e-05 -4.626447e-05 -2.603784e-06 2.099285e-05 7.120166e-05 9.155493e-05 1.219234e-05 3.456344e-05 3.601672e-05 1.144138e-05
1.054460e-04 7.297224e-05 6.607661e-05 1.216070e-04 1.226842e-04 1.344886e-04 8.952145e-05 2.124102e-04 9.703709e-05 7.824346e-05 1.682109e-04 8.747250e-05 1.844870e-04 1.060027e-04 9.275753e-05 2.445709e-05 1.219234e-05 2.958049e-04 8.305760e-05 8.804517e-05 1.278707e-04
8.549891e-05 5.863052e-05 6.276507e-05 8.145973e-05 8.603427e-05 8.343409e-05 7.373451e-05 1.548917e-04 5.486545e-05 7.933756e-05 1.015226e-04 8.750108e-05 1.066082e-04 8.163345e-05 7.054893e-05 3.766991e-05 3.456344e-05 8.305760e-05 1.481085e-04 1.259379e-04 1.209142e-04
8.798963e-05 6.260709e-05 5.753927e-05 8.684286e-05 9.827571e-05 8.819673e-05 7.875232e-05 1.394189e-04 6.703254e-05 7.436873e-05 1.019575e-04 9.274725e-05 1.087123e-04 8.894513e-05 7.005130e-05 3.506603e-05 3.601672e-05 8.804517e-05 1.259379e-04 1.454018e-04 1.262091e-04
1.416323e-04 9.799127e-05 1.153694e-04 1.853627e-04 1.810888e-04 1.722084e-04 1.158660e-04 3.368538e-04 1.116950e-04 8.848774e-05 2.056282e-04 1.586341e-04 2.632308e-04 1.867491e-04 1.171178e-04 3.066994e-05 1.144138e-05 1.278707e-04 1.209142e-04 1.262091e-04 5.246096e-04
