Estratégia: TID_long_tabu
Seed: 103
Número de ativos: 21
Ativos: AAPL, MSFT, GOOGL, AMZN, META, NVDA, NFLX, TSLA, ORCL, IBM, INTC, ADBE, AMD, CRM, CSCO, PEP, KO, DIS, V, MA, PYPL

Parâmetros:
  max_iter: 1000
  tabu_tenure: (20, 30)
  step_size: 0.1
  step_delta: 0.02
  neighbor_sample_ratio: 0.8
  token_ring_enabled: False
  tickers: ['AAPL', 'MSFT', 'GOOGL', 'AMZN', 'META', 'NVDA', 'NFLX', 'TSLA', 'ORCL', 'IBM', 'INTC', 'ADBE', 'AMD', 'CRM', 'CSCO', 'PEP', 'KO', 'DIS', 'V', 'MA', 'PYPL']

Retornos esperados:
0.000970
0.000780
0.001772
0.001308
0.001571
0.003276
0.002071
0.002136
0.001933
0.001763
0.000659
-0.000912
0.001982
0.000514
0.000842
-0.000077
0.000625
0.000680
0.000752
0.000792
0.000693

Matriz de covariância:
3.113161e-04 1.210762e-04 1.480805e-04 1.676242e-04 1.588908e-04 2.023491e-04 1.143042e-04 3.121692e-04 9.732565e-05 8.076890e-05 1.722719e-04 1.243417e-04 2.380082e-04 1.273349e-04 9.301275e-05 3.137079e-05 1.775566e-05 1.061699e-04 8.580020e-05 8.818429e-05 1.420391e-04
1.210762e-04 1.925789e-04 1.357361e-04 1.727267e-04 2.026728e-04 2.463589e-04 1.199574e-04 2.168026e-04 1.777660e-04 4.102271e-05 1.525415e-04 1.157559e-04 2.176449e-04 1.324911e-04 7.463735e-05 -8.460351e-06 -6.500687e-06 7.303082e-05 5.861644e-05 6.256280e-05 9.794597e-05
1.480805e-04 1.357361e-04 3.524090e-04 1.976535e-04 1.878461e-04 2.440207e-04 1.099392e-04 2.939687e-04 1.470892e-04 6.766519e-05 1.385495e-04 1.309710e-04 2.733999e-04 1.276444e-04 8.148409e-05 -1.698106e-05 -1.655415e-05 6.605301e-05 6.269427e-05 5.746698e-05 1.152185e-04
1.676242e-04 1.727267e-04 1.976535e-04 3.856682e-04 2.914229e-04 3.222450e-04 1.612994e-04 3.345329e-04 1.922023e-04 7.069128e-05 2.504943e-04 1.785173e-04 3.022105e-04 1.957133e-04 1.105659e-04 -2.357352e-05 -2.436858e-05 1.214317e-04 8.133114e-05 8.669590e-05 1.850418e-04
1.588908e-04 2.026728e-04 1.878461e-04 2.914229e-04 5.491767e-04 3.559811e-04 1.746805e-04 3.116354e-04 2.035652e-04 9.856731e-05 1.897217e-04 1.658632e-04 3.542022e-04 1.775758e-04 9.159500e-05 -2.192076e-05 -2.125065e-05 1.220314e-04 8.565635e-05 9.791720e-05 1.804254e-04
2.023491e-04 2.463589e-04 2.440207e-04 3.222450e-04 3.559811e-04 1.029941e-03 2.710911e-04 4.675507e-04 4.425595e-04 1.173202e-04 3.735606e-04 2.003747e-04 6.251566e-04 2.461379e-04 1.487204e-04 -7.722982e-05 -7.481441e-05 1.327295e-04 8.251441e-05 8.742884e-05 1.707634e-04
1.143042e-04 1.199574e-04 1.099392e-04 1.612994e-04 1.746805e-04 2.710911e-04 3.868780e-04 2.171677e-04 1.638757e-04 5.817062e-05 1.510155e-04 1.422916e-04 2.424861e-04 1.480134e-04 6.842631e-05 -1.490822e-05 -8.784560e-07 8.991071e-05 7.387409e-05 7.882000e-05 1.160536e-04
3.121692e-04 2.168026e-04 2.939687e-04 3.345329e-04 3.116354e-04 4.675507e-04 2.171677e-04 1.593225e-03 3.316059e-04 9.646287e-05 4.095247e-04 1.782723e-04 5.329859e-04 2.606658e-04 1.518040e-04 -5.569888e-06 -3.564114e-05 2.113165e-04 1.542440e-04 1.388744e-04 3.356856e-04
9.732565e-05 1.777660e-04 1.470892e-04 1.922023e-04 2.035652e-04 4.425595e-04 1.638757e-04 3.316059e-04 9.202259e-04 1.000026e-04 2.425950e-04 1.326430e-04 3.271700e-04 1.623699e-04 1.235585e-04 -6.110255e-06 -2.700829e-05 9.587396e-05 5.426640e-05 6.651390e-05 1.107562e-04
8.076890e-05 4.102271e-05 6.766519e-05 7.069128e-05 9.856731e-05 1.173202e-04 5.817062e-05 9.646287e-05 1.000026e-04 2.805274e-04 1.609151e-04 9.581883e-05 1.761313e-04 8.623266e-05 8.710460e-05 3.506822e-05 3.091012e-05 7.867971e-05 7.947830e-05 7.445503e-05 8.874827e-05
1.722719e-04 1.525415e-04 1.385495e-04 2.504943e-04 1.897217e-04 3.735606e-04 1.510155e-04 4.095247e-04 2.425950e-04 1.609151e-04 1.300244e-03 1.522504e-04 4.295199e-04 1.860732e-04 1.304363e-04 4.134623e-05 1.057473e-05 1.671719e-04 1.009647e-04 1.014745e-04 2.046980e-04
1.243417e-04 1.157559e-04 1.309710e-04 1.785173e-04 1.658632e-04 2.003747e-04 1.422916e-04 1.782723e-04 1.326430e-04 9.581883e-05 1.522504e-04 4.529562e-04 1.952312e-04 2.285014e-04 9.136145e-05 2.925539e-05 1.815892e-05 8.794091e-05 8.765093e-05 9.281685e-05 1.587914e-04
2.380082e-04 2.176449e-04 2.733999e-04 3.022105e-04 3.542022e-04 6.251566e-04 2.424861e-04 5.329859e-04 3.271700e-04 1.761313e-04 4.295199e-04 1.952312e-04 1.152390e-03 2.400991e-04 1.674804e-04 -3.940278e-05 -4.701915e-05 1.828273e-04 1.057429e-04 1.079825e-04 2.617509e-04
1.273349e-04 1.324911e-04 1.276444e-04 1.957133e-04 1.775758e-04 2.461379e-04 1.480134e-04 2.606658e-04 1.623699e-04 8.623266e-05 1.860732e-04 2.285014e-04 2.400991e-04 4.684334e-04 9.747005e-05 1.298640e-05 -2.270156e-06 1.062903e-04 8.172247e-05 8.896515e-05 1.867439e-04
9.301275e-05 7.463735e-05 8.148409e-05 1.105659e-04 9.159500e-05 1.487204e-04 6.842631e-05 1.518040e-04 1.235585e-04 8.710460e-05 1.304363e-04 9.136145e-05 1.674804e-04 9.747005e-05 1.852258e-04 2.222856e-05 2.076876e-05 9.229450e-05 7.026763e-05 6.980100e-05 1.166786e-04
3.137079e-05 -8.460351e-06 -1.698106e-05 -2.357352e-05 -2.192076e-05 -7.722982e-05 -1.490822e-05 -5.569888e-06 -6.110255e-06 3.506822e-05 4.134623e-05 2.925539e-05 -3.940278e-05 1.298640e-05 2.222856e-05 1.544049e-04 7.157496e-05 2.519341e-05 3.799119e-05 3.530734e-05 3.118825e-05
1.775566e-05 -6.500687e-06 -1.655415e-05 -2.436858e-05 -2.125065e-05 -7.481441e-05 -8.784560e-07 -3.564114e-05 -2.700829e-05 3.091012e-05 1.057473e-05 1.815892e-05 -4.701915e-05 -2.270156e-06 2.076876e-05 7.157496e-05 9.181322e-05 1.284029e-05 3.483387e-05 3.621136e-05 1.191499e-05
1.061699e-04 7.303082e-05 6.605301e-05 1.214317e-04 1.220314e-04 1.327295e-04 8.991071e-05 2.113165e-04 9.587396e-05 7.867971e-05 1.671719e-04 8.794091e-05 1.828273e-04 1.062903e-04 9.229450e-05 2.519341e-05 1.284029e-05 2.962353e-04 8.340818e-05 8.827479e-05 1.283698e-04
8.580020e-05 5.861644e-05 6.269427e-05 8.133114e-05 8.565635e-05 8.251441e-05 7.387409e-05 1.542440e-04 5.426640e-05 7.947830e-05 1.009647e-04 8.765093e-05 1.057429e-04 8.172247e-05 7.026763e-05 3.799119e-05 3.483387e-05 8.340818e-05 1.480729e-04 1.258906e-04 1.210534e-04
8.818429e-05 6.256280e-05 5.746698e-05 8.669590e-05 9.791720e-05 8.742884e-05 7.882000e-05 1.388744e-04 6.651390e-05 7.445503e-05 1.014745e-04 9.281685e-05 1.079825e-04 8.896515e-05 6.980100e-05 3.530734e-05 3.621136e-05 8.827479e-05 1.258906e-04 1.452713e-04 1.262556e-04
1.420391e-04 9.794597e-05 1.152185e-04 1.850418e-04 1.804254e-04 1.707634e-04 1.160536e-04 3.356856e-04 1.107562e-04 8.874827e-05 2.046980e-04 1.587914e-04 2.617509e-04 1.867439e-04 1.166786e-04 3.118825e-05 1.191499e-05 1.283698e-04 1.210534e-04 1.262556e-04 5.241160e-04
