Estratégia: idID_medium_tabu
Seed: 104
Número de ativos: 21
Ativos: AAPL, MSFT, GOOGL, AMZN, META, NVDA, NFLX, TSLA, ORCL, IBM, INTC, ADBE, AMD, CRM, CSCO, PEP, KO, DIS, V, MA, PYPL

Parâmetros:
  max_iter: 1000
  tabu_tenure: (10, 20)
  step_size: 0.1
  step_delta: 0.02
  neighbor_sample_ratio: 0.8
  token_ring_enabled: False
  tickers: ['AAPL', 'MSFT', 'GOOGL', 'AMZN', 'META', 'NVDA', 'NFLX', 'TSLA', 'ORCL', 'IBM', 'INTC', 'ADBE', 'AMD', 'CRM', 'CSCO', 'PEP', 'KO', 'DIS', 'V', 'MA', 'PYPL']

Retornos esperados:
0.000970
0.000780
0.001772
0.001308
0.001571
0.003276
0.002071
0.002136
0.001933
0.001763
0.000659
-0.000912
0.001982
0.000514
0.000842
-0.000077
0.000625
0.000680
0.000752
0.000792
0.000693

Matriz de covariância:
3.113160e-04 1.210762e-04 1.480806e-04 1.676241e-04 1.588907e-04 2.023491e-04 1.143041e-04 3.121692e-04 9.732578e-05 8.076875e-05 1.722719e-04 1.243418e-04 2.380081e-04 1.273350e-04 9.301271e-05 3.137082e-05 1.775571e-05 1.061699e-04 8.580007e-05 8.818428e-05 1.420389e-04
1.210762e-04 1.925790e-04 1.357361e-04 1.727266e-04 2.026729e-04 2.463588e-04 1.199575e-04 2.168026e-04 1.777660e-04 4.102270e-05 1.525414e-04 1.157559e-04 2.176449e-04 1.324911e-04 7.463738e-05 -8.460498e-06 -6.500691e-06 7.303071e-05 5.861642e-05 6.256283e-05 9.794597e-05
1.480806e-04 1.357361e-04 3.524090e-04 1.976535e-04 1.878460e-04 2.440206e-04 1.099390e-04 2.939687e-04 1.470892e-04 6.766527e-05 1.385495e-04 1.309710e-04 2.733999e-04 1.276445e-04 8.148408e-05 -1.698115e-05 -1.655407e-05 6.605289e-05 6.269411e-05 5.746695e-05 1.152186e-04
1.676241e-04 1.727266e-04 1.976535e-04 3.856682e-04 2.914228e-04 3.222449e-04 1.612994e-04 3.345329e-04 1.922024e-04 7.069136e-05 2.504943e-04 1.785173e-04 3.022105e-04 1.957133e-04 1.105660e-04 -2.357366e-05 -2.436858e-05 1.214317e-04 8.133113e-05 8.669595e-05 1.850418e-04
1.588907e-04 2.026729e-04 1.878460e-04 2.914228e-04 5.491767e-04 3.559812e-04 1.746805e-04 3.116354e-04 2.035653e-04 9.856738e-05 1.897216e-04 1.658632e-04 3.542021e-04 1.775757e-04 9.159496e-05 -2.192081e-05 -2.125065e-05 1.220313e-04 8.565631e-05 9.791728e-05 1.804253e-04
2.023491e-04 2.463588e-04 2.440206e-04 3.222449e-04 3.559812e-04 1.029941e-03 2.710912e-04 4.675506e-04 4.425594e-04 1.173204e-04 3.735605e-04 2.003747e-04 6.251566e-04 2.461379e-04 1.487204e-04 -7.723024e-05 -7.481429e-05 1.327294e-04 8.251442e-05 8.742885e-05 1.707634e-04
1.143041e-04 1.199575e-04 1.099390e-04 1.612994e-04 1.746805e-04 2.710912e-04 3.868780e-04 2.171677e-04 1.638759e-04 5.817068e-05 1.510155e-04 1.422916e-04 2.424861e-04 1.480133e-04 6.842641e-05 -1.490837e-05 -8.784672e-07 8.991065e-05 7.387414e-05 7.882005e-05 1.160536e-04
3.121692e-04 2.168026e-04 2.939687e-04 3.345329e-04 3.116354e-04 4.675506e-04 2.171677e-04 1.593225e-03 3.316060e-04 9.646315e-05 4.095247e-04 1.782723e-04 5.329859e-04 2.606658e-04 1.518041e-04 -5.569983e-06 -3.564098e-05 2.113165e-04 1.542439e-04 1.388744e-04 3.356856e-04
9.732578e-05 1.777660e-04 1.470892e-04 1.922024e-04 2.035653e-04 4.425594e-04 1.638759e-04 3.316060e-04 9.202258e-04 1.000029e-04 2.425951e-04 1.326432e-04 3.271701e-04 1.623700e-04 1.235585e-04 -6.110472e-06 -2.700817e-05 9.587409e-05 5.426631e-05 6.651416e-05 1.107563e-04
8.076875e-05 4.102270e-05 6.766527e-05 7.069136e-05 9.856738e-05 1.173204e-04 5.817068e-05 9.646315e-05 1.000029e-04 2.805274e-04 1.609152e-04 9.581883e-05 1.761315e-04 8.623274e-05 8.710464e-05 3.506807e-05 3.091020e-05 7.867976e-05 7.947816e-05 7.445506e-05 8.874824e-05
1.722719e-04 1.525414e-04 1.385495e-04 2.504943e-04 1.897216e-04 3.735605e-04 1.510155e-04 4.095247e-04 2.425951e-04 1.609152e-04 1.300244e-03 1.522504e-04 4.295199e-04 1.860735e-04 1.304364e-04 4.134606e-05 1.057466e-05 1.671719e-04 1.009646e-04 1.014747e-04 2.046980e-04
1.243418e-04 1.157559e-04 1.309710e-04 1.785173e-04 1.658632e-04 2.003747e-04 1.422916e-04 1.782723e-04 1.326432e-04 9.581883e-05 1.522504e-04 4.529562e-04 1.952312e-04 2.285015e-04 9.136143e-05 2.925544e-05 1.815900e-05 8.794087e-05 8.765103e-05 9.281684e-05 1.587914e-04
2.380081e-04 2.176449e-04 2.733999e-04 3.022105e-04 3.542021e-04 6.251566e-04 2.424861e-04 5.329859e-04 3.271701e-04 1.761315e-04 4.295199e-04 1.952312e-04 1.152390e-03 2.400993e-04 1.674803e-04 -3.940281e-05 -4.701915e-05 1.828272e-04 1.057428e-04 1.079827e-04 2.617509e-04
1.273350e-04 1.324911e-04 1.276445e-04 1.957133e-04 1.775757e-04 2.461379e-04 1.480133e-04 2.606658e-04 1.623700e-04 8.623274e-05 1.860735e-04 2.285015e-04 2.400993e-04 4.684336e-04 9.747021e-05 1.298632e-05 -2.270042e-06 1.062902e-04 8.172261e-05 8.896520e-05 1.867440e-04
9.301271e-05 7.463738e-05 8.148408e-05 1.105660e-04 9.159496e-05 1.487204e-04 6.842641e-05 1.518041e-04 1.235585e-04 8.710464e-05 1.304364e-04 9.136143e-05 1.674803e-04 9.747021e-05 1.852259e-04 2.222853e-05 2.076889e-05 9.229448e-05 7.026760e-05 6.980110e-05 1.166786e-04
3.137082e-05 -8.460498e-06 -1.698115e-05 -2.357366e-05 -2.192081e-05 -7.723024e-05 -1.490837e-05 -5.569983e-06 -6.110472e-06 3.506807e-05 4.134606e-05 2.925544e-05 -3.940281e-05 1.298632e-05 2.222853e-05 1.544050e-04 7.157504e-05 2.519350e-05 3.799103e-05 3.530730e-05 3.118830e-05
1.775571e-05 -6.500691e-06 -1.655407e-05 -2.436858e-05 -2.125065e-05 -7.481429e-05 -8.784672e-07 -3.564098e-05 -2.700817e-05 3.091020e-05 1.057466e-05 1.815900e-05 -4.701915e-05 -2.270042e-06 2.076889e-05 7.157504e-05 9.181324e-05 1.284034e-05 3.483384e-05 3.621134e-05 1.191502e-05
1.061699e-04 7.303071e-05 6.605289e-05 1.214317e-04 1.220313e-04 1.327294e-04 8.991065e-05 2.113165e-04 9.587409e-05 7.867976e-05 1.671719e-04 8.794087e-05 1.828272e-04 1.062902e-04 9.229448e-05 2.519350e-05 1.284034e-05 2.962354e-04 8.340813e-05 8.827478e-05 1.283698e-04
8.580007e-05 5.861642e-05 6.269411e-05 8.133113e-05 8.565631e-05 8.251442e-05 7.387414e-05 1.542439e-04 5.426631e-05 7.947816e-05 1.009646e-04 8.765103e-05 1.057428e-04 8.172261e-05 7.026760e-05 3.799103e-05 3.483384e-05 8.340813e-05 1.480729e-04 1.258907e-04 1.210535e-04
8.818428e-05 6.256283e-05 5.746695e-05 8.669595e-05 9.791728e-05 8.742885e-05 7.882005e-05 1.388744e-04 6.651416e-05 7.445506e-05 1.014747e-04 9.281684e-05 1.079827e-04 8.896520e-05 6.980110e-05 3.530730e-05 3.621134e-05 8.827478e-05 1.258907e-04 1.452714e-04 1.262559e-04
1.420389e-04 9.794597e-05 1.152186e-04 1.850418e-04 1.804253e-04 1.707634e-04 1.160536e-04 3.356856e-04 1.107563e-04 8.874824e-05 2.046980e-04 1.587914e-04 2.617509e-04 1.867440e-04 1.166786e-04 3.118830e-05 1.191502e-05 1.283698e-04 1.210535e-04 1.262559e-04 5.241160e-04
